PassengerId,Survived_pred,Survived_prob
892,0,0.08061697489196157
893,1,0.7402752010586214
894,0,0.08734818563346548
895,0,0.18746483287706464
896,0,0.4560158173299238
897,0,0.1004086369032694
898,1,0.5269241055896922
899,0,0.10235543360474061
900,1,0.8316584419141245
901,0,0.10634025649070795
902,0,0.10277809187012585
903,0,0.1551762919693751
904,1,0.9402463770849406
905,0,0.09691946308350098
906,1,0.9547790363944708
907,1,0.9417814135973228
908,0,0.10113357800766799
909,0,0.26965585995543484
910,1,0.5420196505821164
911,1,0.7366516061108634
912,0,0.35430930903127544
913,1,0.5905601941604284
914,1,0.94489766254494
915,0,0.38788206139560305
916,1,0.9554338497321119
917,0,0.09804918931820768
918,1,0.9663778864607411
919,0,0.26965585995543484
920,0,0.37628487382437587
921,0,0.1339797105035725
922,0,0.10920486881063227
923,0,0.15148912683560894
924,1,0.5969484657508203
925,0,0.13143291485818157
926,0,0.4353160523717157
927,0,0.20342339895680978
928,0,0.33982222711659626
929,0,0.27506978674063487
930,0,0.10680817475064949
931,0,0.4325353537942795
932,0,0.09725240576508726
933,0,0.30477757519457505
934,0,0.08715173709106526
935,1,0.9337350375352771
936,1,0.9652062017788537
937,0,0.17138013573734762
938,0,0.25663575164502533
939,0,0.12335430635507211
940,1,0.9739200114140957
941,1,0.665988236384907
942,0,0.20009256131227168
943,0,0.2840705169266868
944,1,0.939032321439027
945,1,0.9480302237209635
946,0,0.14760218090471006
947,0,0.05330160681550968
948,0,0.08715173709106526
949,0,0.1267562502312129
950,0,0.12545125453082193
951,1,0.9600037661950067
952,0,0.09706994901634054
953,0,0.17648673412796703
954,0,0.10631224093636157
955,1,0.7584450577097622
956,0,0.2120008822846017
957,1,0.9276390964532553
958,1,0.6426535021690216
959,0,0.1687224748347711
960,0,0.24624668294919377
961,1,0.9035914452709023
962,1,0.6372055054618226
963,0,0.09706994901634054
964,1,0.5139624350447611
965,0,0.28450010268830234
966,1,0.9600037661950067
967,0,0.2712513710862325
968,0,0.11987458474552098
969,1,0.934392915660523
970,0,0.12557272717778806
971,1,0.6372055054618226
972,1,0.9328590993639417
973,0,0.2015172291799775
974,0,0.1551762919693751
975,0,0.10277809187012585
976,0,0.12420712247236958
977,0,0.1313665581378814
978,1,0.7882222428909976
979,0,0.35707163440198275
980,1,0.6777059802965061
981,1,0.9484603924399165
982,0,0.4292336802471041
983,0,0.13190781971575544
984,1,0.831939534618842
985,0,0.11987458474552098
986,0,0.36336055720690114
987,0,0.1267562502312129
988,1,0.9719056116479248
989,0,0.1828972076694291
990,0,0.4203115274061186
991,0,0.10637315953664624
992,1,0.9666051471967686
993,0,0.1260087120233942
994,0,0.12335430635507211
995,0,0.14505606905457005
996,0,0.35935525232598176
997,0,0.14520757732095743
998,0,0.1061717570674448
999,0,0.12335430635507211
1000,0,0.11987458474552098
1001,0,0.10186224485714157
1002,0,0.10453019811283894
1003,1,0.6777059802965061
1004,1,0.9662559143058214
1005,1,0.7670511620360135
1006,1,0.9784545972178714
1007,0,0.17181247620929668
1008,0,0.0905230238123489
1009,1,0.8656342971654152
1010,0,0.4707438264459997
1011,1,0.941915065042761
1012,1,0.9234770860533765
1013,0,0.12335430635507211
1014,1,0.9607486415370832
1015,0,0.09217144715715801
1016,0,0.12335430635507211
1017,1,0.6239624143794371
1018,0,0.12480689999765798
1019,1,0.8181105862217439
1020,0,0.109133991948819
1021,0,0.11421028804905052
1022,0,0.19203016798890246
1023,0,0.04789851240560175
1024,0,0.05926407886266438
1025,0,0.0905230238123489
1026,0,0.08715173709106526
1027,0,0.09863490213356615
1028,0,0.2731614699331792
1029,0,0.13427381282131862
1030,0,0.3240108195351183
1031,0,0.035989882474618255
1032,0,0.07122226286855024
1033,1,0.8915333744933728
1034,0,0.4626412030519024
1035,0,0.1267940704492836
1036,0,0.3031113588907369
1037,0,0.12041486141390591
1038,0,0.1767519189418454
1039,0,0.12357076304676004
1040,0,0.30477757519457505
1041,0,0.10223190607810659
1042,1,0.9652305814114163
1043,0,0.1390679942144026
1044,0,0.07363912464709155
1045,1,0.5300516716801614
1046,0,0.10025897179115473
1047,0,0.1267562502312129
1048,1,0.956426356896624
1049,0,0.4203115274061186
1050,0,0.3031113588907369
1051,1,0.5529244725715933
1052,1,0.7754619601760593
1053,1,0.7750464803276882
1054,1,0.8831033546019075
1055,0,0.12352452438455028
1056,0,0.109133991948819
1057,0,0.4633332767319754
1058,0,0.1964084826551848
1059,0,0.1124911789730542
1060,1,0.9403002953917523
1061,0,0.3525550315893906
1062,0,0.09217144715715801
1063,0,0.4605170115328438
1064,0,0.14238707312324703
1065,0,0.12204432985267719
1066,0,0.06833883144171667
1067,1,0.9250750064659093
1068,1,0.9305626505498433
1069,0,0.3317575989312716
1070,1,0.9431967258770998
1071,1,0.978232798935398
1072,0,0.12557272717778806
1073,0,0.34190672957585005
1074,1,0.9239960168255474
1075,0,0.12335430635507211
1076,1,0.8888437672385008
1077,0,0.10802528701996254
1078,1,0.914258628426925
1079,0,0.12357076304676004
1080,0,0.08949860999559082
1081,0,0.109133991948819
1082,0,0.11988000985418806
1083,0,0.16268724235978937
1084,0,0.3998972971053168
1085,0,0.07551711396792553
1086,1,0.6689858271898369
1087,0,0.08715173709106526
1088,1,0.919477969637718
1089,0,0.48176954015517576
1090,0,0.10957983265318533
1091,0,0.33982222711659626
1092,1,0.8471950025347654
1093,1,0.936528443936672
1094,0,0.2665450597729301
1095,1,0.9363729400096488
1096,0,0.10957891317456482
1097,0,0.1984272016784582
1098,1,0.6300399332935768
1099,0,0.10957891317456482
1100,1,0.93734042002126
1101,0,0.09863490213356615
1102,0,0.21799815749474807
1103,0,0.08195261944957243
1104,0,0.12683428465144556
1105,1,0.9320563331651245
1106,0,0.3882622432898321
1107,0,0.17560882359552102
1108,1,0.6541469846614759
1109,0,0.18660408361979633
1110,1,0.931933330286714
1111,0,0.11987458474552098
1112,1,0.924833021427107
1113,0,0.12357076304676004
1114,1,0.9119873423236381
1115,0,0.12480689999765798
1116,1,0.6521527810543428
1117,1,0.5126394136075124
1118,0,0.12480689999765798
1119,1,0.6777059802965061
1120,0,0.09804918931820768
1121,0,0.109133991948819
1122,0,0.12683428465144556
1123,1,0.9334075376129547
1124,0,0.08325887220559862
1125,0,0.11234853010328902
1126,0,0.2523623031582589
1127,0,0.09706994901634054
1128,1,0.6708118933907358
1129,0,0.26965585995543484
1130,1,0.9325706855648177
1131,1,0.9529943166733852
1132,1,0.6590489277416893
1133,1,0.9423862198480231
1134,1,0.5415735847860216
1135,0,0.10277809187012585
1136,0,0.09226113859581789
1137,0,0.17560882359552102
1138,1,0.9052973634101755
1139,0,0.11281711903227498
1140,1,0.941915065042761
1141,0,0.3796088902507796
1142,1,0.8712723535240825
1143,0,0.18445046803601892
1144,0,0.25869496411067666
1145,0,0.10680817475064949
1146,0,0.10637315953664624
1147,0,0.09217144715715801
1148,0,0.12335430635507211
1149,0,0.11987458474552098
1150,1,0.9223821924101242
1151,0,0.12480689999765798
1152,0,0.11860047211635216
1153,0,0.09706994901634054
1154,1,0.945519954910151
1155,1,0.8087840450127626
1156,0,0.1364627273842143
1157,0,0.10277809187012585
1158,0,0.07549802243767467
1159,0,0.09217144715715801
1160,0,0.33982222711659626
1161,0,0.1004086369032694
1162,0,0.4327100441988089
1163,0,0.12335430635507211
1164,1,0.8729620616004743
1165,1,0.8268537534466132
1166,0,0.12204432985267719
1167,1,0.9218920911020921
1168,0,0.12293762844182274
1169,0,0.10920486881063227
1170,0,0.11064027772421961
1171,0,0.10957983265318533
1172,0,0.27506978674063487
1173,1,0.9588421728078248
1174,1,0.6777059802965061
1175,0,0.4409225749548204
1176,1,0.6891823200346251
1177,0,0.05996649403490022
1178,0,0.09217144715715801
1179,0,0.2821824375702549
1180,0,0.12204432985267719
1181,0,0.11987458474552098
1182,0,0.1767519189418454
1183,0,0.1479088009019579
1184,0,0.12204432985267719
1185,0,0.2790064671773783
1186,0,0.10637315953664624
1187,0,0.11340206640034571
1188,1,0.8934728820767371
1189,0,0.1339797105035725
1190,0,0.18030336853531467
1191,0,0.12100015538925073
1192,0,0.17721507873234552
1193,0,0.13054870515780279
1194,0,0.07276351567765774
1195,0,0.10680817475064949
1196,1,0.6777059802965061
1197,1,0.968569066237531
1198,0,0.26830935326334937
1199,1,0.8987814404352975
1200,0,0.28454502599274095
1201,0,0.31204380003580473
1202,0,0.1004086369032694
1203,0,0.26965585995543484
1204,0,0.09217144715715801
1205,1,0.5575684078254589
1206,1,0.9657211668785387
1207,1,0.7843970273318501
1208,0,0.4945740680156876
1209,0,0.10957983265318533
1210,0,0.2795597854501951
1211,0,0.15149033815289067
1212,0,0.14505606905457005
1213,0,0.2731614699331792
1214,0,0.13427381282131862
1215,0,0.32580870536145046
1216,1,0.9656308535455647
1217,0,0.10171745090928505
1218,1,0.9250750064659093
1219,0,0.33574354266720247
1220,0,0.12949962486976216
1221,0,0.10957983265318533
1222,1,0.9491335625420834
1223,0,0.2659622431448836
1224,0,0.12204432985267719
1225,1,0.7592332694139126
1226,0,0.2795597854501951
1227,0,0.16601308045799393
1228,0,0.17648673412796703
1229,0,0.05445110601664608
1230,0,0.15148912683560894
1231,0,0.12204432985267719
1232,0,0.10186224485714157
1233,0,0.1258081995350858
1234,0,0.06859340207628237
1235,1,0.9662197311565431
1236,0,0.09710927278378549
1237,1,0.814438022334653
1238,0,0.13427381282131862
1239,1,0.7366516061108634
1240,0,0.10957891317456482
1241,1,0.94191620648346
1242,1,0.9545263661559504
1243,0,0.10957891317456482
1244,0,0.12683428465144556
1245,0,0.0931003195878762
1246,1,0.8138596915419294
1247,0,0.1551762919693751
1248,1,0.9422523670879333
1249,0,0.10277809187012585
1250,0,0.12335430635507211
1251,1,0.6305559565061352
1252,0,0.059077707056759146
1253,1,0.9479773459445272
1254,1,0.94191620648346
1255,0,0.18746483287706464
1256,1,0.9263967263366037
1257,0,0.0742498855031424
1258,0,0.1313665581378814
1259,0,0.12124090672043888
1260,1,0.9545263661559504
1261,0,0.1914959963991764
1262,0,0.10957983265318533
1263,1,0.9565710059233826
1264,0,0.055390036372091826
1265,0,0.109133991948819
1266,1,0.9457290644824584
1267,1,0.9590743641061207
1268,0,0.22539145998261897
1269,0,0.10957983265318533
1270,0,0.14154993945461394
1271,0,0.3250960721320168
1272,0,0.12335430635507211
1273,0,0.12382525264462865
1274,0,0.37156737309189236
1275,1,0.5511755807114741
1276,0,0.12293762844182274
1277,1,0.9348218176181734
1278,0,0.1267562502312129
1279,0,0.08167520904818384
1280,0,0.11665196818215641
1281,0,0.05432232584697043
1282,0,0.32885843245690116
1283,1,0.9422523670879333
1284,0,0.11271398751464964
1285,0,0.109133991948819
1286,0,0.09132815750015823
1287,1,0.9375551773255707
1288,0,0.11849119173319392
1289,1,0.9529943166733852
1290,0,0.12480689999765798
1291,0,0.11108280035350289
1292,1,0.956426356896624
1293,0,0.10225702480744199
1294,1,0.9663778864607411
1295,0,0.17801769945562468
1296,0,0.24953010208805937
1297,0,0.36056414742483317
1298,0,0.10957983265318533
1299,0,0.1796701779102921
1300,1,0.7115042215237871
1301,1,0.6270420255190886
1302,1,0.6777059802965061
1303,1,0.9632352816363032
1304,1,0.5396076957368773
1305,0,0.11987458474552098
1306,1,0.955112196936005
1307,0,0.05996649403490022
1308,0,0.11987458474552098
1309,0,0.15056025066646556
